RECURSION

{'IND': [62.5, 37.5, 0.0, 0.0, 0.0, 0.0, 0.0, 0.0, 0.0, 0.0],
 'SA': [37.5, 59.38, 3.12, 0.0, 0.0, 0.0, 0.0, 0.0, 0.0, 0.0],
 'AUS': [0.0, 3.12, 59.38, 18.75, 12.5, 6.25, 0.0, 0.0, 0.0, 0.0],
 'NZ': [0.0, 0.0, 14.84, 41.41, 22.66, 21.09, 0.0, 0.0, 0.0, 0.0],
 'AFG': [0.0, 0.0, 9.38, 15.62, 28.12, 46.88, 0.0, 0.0, 0.0, 0.0],
 'PAK': [0.0, 0.0, 13.28, 24.22, 36.72, 25.78, 0.0, 0.0, 0.0, 0.0],
 'BAN': [0.0, 0.0, 0.0, 0.0, 0.0, 0.0, 2.34, 11.72, 38.28, 47.66],
 'SL': [0.0, 0.0, 0.0, 0.0, 0.0, 0.0, 57.03, 27.34, 11.72, 3.91],
 'ENG': [0.0, 0.0, 0.0, 0.0, 0.0, 0.0, 10.94, 15.62, 29.69, 43.75],
 'NED': [0.0, 0.0, 0.0, 0.0, 0.0, 0.0, 29.69, 45.31, 20.31, 4.69]}

 MONTE CARLO

 {'IND': [62.53, 37.47, 0.0, 0.0, 0.0, 0.0, 0.0, 0.0, 0.0, 0.0],
 'SA': [37.47, 59.47, 3.07, 0.0, 0.0, 0.0, 0.0, 0.0, 0.0, 0.0],
 'AUS': [0.0, 3.07, 59.02, 19.06, 12.7, 6.16, 0.0, 0.0, 0.0, 0.0],
 'NZ': [0.0, 0.0, 15.06, 41.22, 22.57, 21.16, 0.0, 0.0, 0.0, 0.0],
 'AFG': [0.0, 0.0, 9.45, 15.76, 28.11, 46.68, 0.0, 0.0, 0.0, 0.0],
 'PAK': [0.0, 0.0, 13.41, 23.96, 36.63, 26.0, 0.0, 0.0, 0.0, 0.0],
 'BAN': [0.0, 0.0, 0.0, 0.0, 0.0, 0.0, 2.4, 11.82, 38.15, 47.62],
 'SL': [0.0, 0.0, 0.0, 0.0, 0.0, 0.0, 56.82, 27.45, 11.75, 3.98],
 'ENG': [0.0, 0.0, 0.0, 0.0, 0.0, 0.0, 11.01, 15.62, 29.67, 43.71],
 'NED': [0.0, 0.0, 0.0, 0.0, 0.0, 0.0, 29.77, 45.1, 20.43, 4.69]}